5
0.000 0.000 0.000
0.100 0.050 0.000
0.200 0.100 0.000
0.300 0.190 0.000
0.400 0.300 0.000
0.500 0.400 0.000
0.600 0.500 0.000
0.700 0.600 0.000
0.800 0.700 0.000
0.900 0.800 0.000
1.000 0.900 0.000
1.100 0.000 1.000
1.200 0.000 1.010
1.300 0.000 1.020
1.400 0.000 2.000
1.500 0.000 2.000
1.600 0.000 4.000
1.700 0.000 4.090
1.800 0.000 5.000
1.900 0.000 4.000
2.000 0.000 2.000
63.656	-30.980 16.569
63.837	-30.829 16.044
63.940	-30.632 16.115
64.044	-30.407 16.049
64.145	-30.176 16.052
64.250	-29.799 16.266
64.352	-29.582 16.433
64.456	-29.283 17.090
64.559	-29.019 17.464
-1.00 0.000 0.000
1.400 0.000 2.000
1.500 0.000 2.000
1.600 0.000 4.000
1.700 0.000 4.090
1.800 0.000 5.000
1.900 0.000 4.000
2.000 0.000 2.000
60.063	-28.247 20.743
60.165	-28.292 20.564
60.267	-28.430 20.522
60.370	-28.442 20.456
60.471	-28.476 20.337
60.573	-28.638 20.146
60.676	-28.938 20.071
60.781	-29.181 19.92
60.885	-29.163 19.891
60.993	-29.252 19.84
61.097	-29.269 19.701
61.201	-29.340 19.658
61.302	-29.319 19.586
61.404	-29.453 19.365
61.507	-29.621 19.112
61.608	-29.912 19.067
61.710	-30.145 18.923
61.811	-30.221 18.872
61.918	-30.291 18.892
62.020	-30.365 18.788
62.122	-30.462 18.663
62.223	-30.683 18.633
62.332	-31.042 18.653
62.436	-31.328 18.606
62.537	-31.913 18.621
62.638	-32.051 18.531
62.740	-32.824 18.672
62.841	-32.802 18.745
62.942	-32.756 18.752
63.044	-32.655 18.718
63.147	-32.207 18.516
63.249	-32.002 18.066
63.350	-31.847 17.958
63.452	-31.565 17.685
63.555	-31.320 17.205
63.656	-30.980 16.569
63.837	-30.829 16.044
63.940	-30.632 16.115
64.044	-30.407 16.049
64.145	-30.176 16.052
64.250	-29.799 16.266
64.352	-29.582 16.433
64.456	-29.283 17.090
64.559	-29.019 17.464
64.667	-28.514 18.610
-1.00   0.000   0.000
4.022     0.464    16.312
4.122     0.464    16.414
4.222     0.464    16.465
50.724     0.464    16.465
50.825     0.619    16.007
50.926     0.671    15.753
51.026     0.671    15.753
51.127     0.567    15.753
51.226     0.567    15.753
51.328     0.516    15.702
51.427     0.619    15.550
51.729     0.619    15.550
51.831     0.722    15.550
284.454     0.722    15.550
284.555     0.671    15.601
285.964     0.671    15.601
286.064     0.671    15.702
286.166     0.722    15.753
286.466     0.722    15.753
286.567     0.722    15.804
286.668     0.722    15.855
286.768     0.722    15.855
286.870     0.722    15.906
287.071     0.722    15.906
287.172     0.722    15.957
287.271     0.722    16.007
287.473     0.722    16.007
287.575     0.722    16.058
287.776     0.722    16.058
287.877     0.671    16.058
288.379     0.671    16.058
288.479     0.671    16.160
288.580     0.671    16.262
288.882     0.671    16.262
288.982     0.671    16.312
290.494     0.671    16.312
290.593     0.671    16.363
290.695     0.671    16.414
293.110     0.671    16.414
293.210     0.671    16.617
293.311     0.671    16.770
293.412     0.671    16.973
293.512     0.671    17.176
293.613     0.671    17.380
293.713     0.671    17.481
293.813     0.877    17.837
293.915     1.032    18.142
294.015     1.032    18.193
294.316     1.032    18.193
294.418     1.135    18.193
294.517     1.238    18.243
294.618     1.238    18.243
294.719     1.290    18.396
294.820     1.341    18.548
-1.00       0.000    0.152  
   204.917    -29.314    -39.173
   205.017    29.313    -39.117
   205.117    29.314    39.117
   205.219    29.314    -39.061
   206.224    -29.314    39.061
   206.324    29.314    38.893
   206.426    -29.314    -38.893
   206.527    29.437    38.837
   206.626    29.437    38.837
   206.728    29.437    -38.781
   206.827    -29.437    38.781
   206.927    29.437    38.725
   207.027    29.498    -38.725
   207.129    29.437    38.669
   207.230    -29.131    38.669
   207.330    29.008    38.669
   207.431    28.947    38.669
   207.531    28.947    -38.612
   207.633    28.947    38.612
   207.733    -28.886    38.556
   207.934    28.886    38.556
   208.034    28.886    -38.500
   208.135    28.886    38.444
   208.236    -28.886    38.276
   208.336    28.886    38.108
   208.437    28.825    38.052
   208.537    28.825    37.828
   208.638    28.825    37.715
   208.738    28.825    -37.491
   208.839    28.825    37.379
   208.940    -28.764    37.155
   209.041    28.580    -36.874
   209.142    28.458    36.594
   209.242    -28.214    -36.369
   209.343    28.031    36.145
   209.443    -27.908    35.977
   209.545    27.786    -35.865
   209.646    -27.725    35.865
   209.746    27.542    35.753
   209.847    -27.481    35.640
   209.946    27.481    -35.472
   210.048    -27.481    35.304
   -210.149    27.481    35.136
2.433    22.024    43.326
     2.534    22.393    43.326
     2.634    22.701    43.326
     2.735    23.131    43.326
     2.836    23.193    43.326
     3.848    23.193    43.326
     3.949    23.378    43.326
     5.760    23.378    43.326
     5.861    23.439    43.326
     5.961    23.562    43.449
     6.063    23.624    43.571
     6.163    23.685    43.571
     6.364    23.685    43.571
     6.465    23.808    43.571
     7.671    23.808    43.571
     7.772    23.870    43.571
     8.581    23.870    43.571
     8.681    24.055    43.571
     8.781    24.608    43.510
     9.285    24.608    43.510
     9.385    24.670    43.510
     9.486    24.670    43.510
     9.586    24.793    43.571
     9.688    24.916    43.571
     9.788    24.916    43.571
     9.888    24.916    43.632
     9.989    24.977    43.693
    10.090    24.977    43.693
    10.190    24.977    43.755
    10.593    24.977    43.755
    10.693    25.039    43.755
    12.101    25.039    43.755
    12.203    25.039    43.816
    15.122    25.039    43.816
    15.222    24.916    43.816
    15.726    24.916    43.816
    15.826    24.854    43.816
    16.027    24.854    43.816
    -16.128    24.793    43.816
